1.000000000 0.000000000 0.000000000 0.000000000 0.000000000 1.000000000 0.000000000 0.000000000 0.000000000 0.000000000 1.000000000 0.000000000
0.999951363 -0.004563254 -0.008744683 0.116292372 0.004595109 0.999982893 0.003626114 -0.048853394 0.008727986 -0.003666121 0.999955177 0.082848445
0.999828279 -0.008035030 -0.016699655 0.233524412 0.008141828 0.999946773 0.006337103 -0.088095956 0.016647847 -0.006471980 0.999840498 0.161389813
0.999609768 -0.013029492 -0.024709411 0.354969800 0.013258640 0.999870420 0.009132656 -0.115064032 0.024587214 -0.009456705 0.999652982 0.236111954
0.999338806 -0.016894905 -0.032194987 0.473121285 0.017278997 0.999782383 0.011689547 -0.133848116 0.031990487 -0.012238114 0.999413252 0.304836094
0.999006569 -0.020847009 -0.039385937 0.593298495 0.021406144 0.999675214 0.013828262 -0.143522471 0.039084870 -0.014657625 0.999128401 0.373706430
0.998671174 -0.023901762 -0.045657724 0.708622456 0.024615232 0.999582529 0.015128602 -0.145861909 0.045277063 -0.016232375 0.998842597 0.440012038
0.998225451 -0.028078495 -0.052512288 0.828482926 0.029017821 0.999430716 0.017211547 -0.144157201 0.051999122 -0.018704796 0.998471916 0.502985060
0.997781694 -0.031516321 -0.058638401 0.942178905 0.032634914 0.999301314 0.018217025 -0.137010306 0.058023300 -0.020090273 0.998113036 0.561231613
0.997309148 -0.035361309 -0.064218827 1.051663995 0.036774714 0.999103725 0.020961814 -0.130553499 0.063420035 -0.023267036 0.997715652 0.612346053
0.996910751 -0.038391419 -0.068520591 1.150096059 0.039971046 0.998962283 0.021832654 -0.117952496 0.067611299 -0.024504047 0.997410774 0.664718330
0.996470928 -0.040762242 -0.073376365 1.249198914 0.042638499 0.998797715 0.024187513 -0.109443754 0.072302215 -0.027230812 0.997010946 0.710833848
0.996026278 -0.043543126 -0.077689782 1.344650865 0.045742400 0.998594880 0.026756249 -0.098669752 0.076415561 -0.030203644 0.996618509 0.747358024
0.995592654 -0.045886382 -0.081790827 1.435193896 0.048336405 0.998432100 0.028229713 -0.086200915 0.080367230 -0.032058768 0.996249616 0.787048459
0.995316088 -0.047550626 -0.084171340 1.511514068 0.050474141 0.998181641 0.032951362 -0.086203068 0.082451425 -0.037045497 0.995906293 0.817138672
0.994853079 -0.050360821 -0.087926708 1.593431950 0.053580262 0.997962356 0.034645781 -0.073269874 0.086002752 -0.039178599 0.995524287 0.847975731
0.994621217 -0.051663432 -0.089774959 1.664160728 0.055335548 0.997709513 0.038906332 -0.072665907 0.087559298 -0.043664809 0.995201886 0.870727777
0.994331241 -0.053225111 -0.092045903 1.734327197 0.057417914 0.997401297 0.043517768 -0.075186007 0.089490466 -0.048556160 0.994803369 0.889091134
0.994257092 -0.053303860 -0.092798583 1.791951299 0.058120735 0.997056603 0.050000604 -0.087452017 0.089860223 -0.055106975 0.994428635 0.898262799
0.994174480 -0.053506572 -0.093563572 1.846302629 0.059005301 0.996627569 0.057024769 -0.097146466 0.090196840 -0.062213317 0.993978918 0.910027146
0.994098365 -0.053994521 -0.094090573 1.894199371 0.060016021 0.996245921 0.062386733 -0.097591259 0.090368807 -0.067665488 0.993606985 0.925001979
0.994044781 -0.054213241 -0.094530173 1.936036229 0.061059099 0.995598793 0.071097277 -0.104525410 0.090259716 -0.076445803 0.992979944 0.936608195
0.994038403 -0.053762708 -0.094853774 1.973939061 0.061312824 0.995021701 0.078565575 -0.103822969 0.090157665 -0.083912954 0.992386103 0.949034154
0.994187653 -0.052735433 -0.093860678 2.004062176 0.061299507 0.993978024 0.090829872 -0.114672266 0.088505499 -0.096055552 0.991433382 0.955726206
0.994440377 -0.051492412 -0.091852166 2.025435686 0.060679436 0.993114591 0.100206852 -0.111779429 0.086059831 -0.105223283 0.990717828 0.963953853
0.994575858 -0.050174534 -0.091112152 2.051603079 0.060255952 0.991935730 0.111502126 -0.110503428 0.084782831 -0.116387367 0.989578605 0.972162366
0.994711339 -0.048593767 -0.090487435 2.079981089 0.059677999 0.990470409 0.124124371 -0.110253967 0.083593458 -0.128868029 0.988132179 0.983440518
0.994946480 -0.046439245 -0.089022040 2.102126837 0.058496810 0.988700688 0.138018385 -0.112251095 0.081606686 -0.142528400 0.986420810 0.990156889
0.995132864 -0.044423781 -0.087960877 2.125115871 0.057564918 0.986547172 0.153006479 -0.115640409 0.079980426 -0.157325238 0.984302759 0.995770931
0.995369256 -0.041735075 -0.086592458 2.146004677 0.055943448 0.984066367 0.168771058 -0.117606834 0.078169055 -0.172833800 0.981844246 1.003116131
0.995515466 -0.038179144 -0.086552218 2.168380260 0.053781245 0.981113374 0.185806841 -0.121309012 0.077823587 -0.189628482 0.978766859 1.011574268
0.995659828 -0.036070939 -0.085792825 2.187132120 0.052855570 0.977905095 0.202257186 -0.122039542 0.076601632 -0.205913991 0.975567341 1.014857531
0.995670497 -0.032586098 -0.087054379 2.209659100 0.051152464 0.974058390 0.220439687 -0.127005145 0.077612780 -0.223938331 0.971508026 1.022239566
0.995558083 -0.029278126 -0.089481227 2.231230736 0.049837787 0.970222116 0.237034380 -0.122567728 0.079876736 -0.240441039 0.967371583 1.029248834
0.995261371 -0.027026344 -0.093404248 2.255361795 0.050256908 0.965317607 0.256195575 -0.127090275 0.083240740 -0.259675771 0.962101579 1.032930136
0.994995773 -0.021952014 -0.097475722 2.275587320 0.048177198 0.960075557 0.275561094 -0.130046695 0.087534934 -0.278878242 0.956328690 1.039543629
0.994453609 -0.018565176 -0.103524730 2.298027754 0.048621994 0.953953564 0.295987278 -0.135247454 0.093262732 -0.299379200 0.949565232 1.044111729
0.993720174 -0.014962212 -0.110889070 2.317588806 0.049502868 0.947546005 0.315762609 -0.139131486 0.100347988 -0.319269001 0.942336261 1.047966361
0.992545366 -0.010453382 -0.121426776 2.341128111 0.050926611 0.940737844 0.335289150 -0.139396325 0.110725850 -0.338973552 0.934257329 1.054596305
0.991430998 -0.005936659 -0.130496427 2.356912136 0.052341200 0.933325171 0.355196387 -0.142077655 0.119686916 -0.358983040 0.925638258 1.058069229
0.989494681 -0.000885066 -0.144566670 2.381225586 0.055780299 0.924886703 0.376129121 -0.148712069 0.133374885 -0.380241722 0.915219843 1.061374187
0.987175226 0.003305769 -0.159606144 2.400019169 0.060955770 0.916228235 0.395992726 -0.148612157 0.147544712 -0.400643140 0.904276311 1.067077994
0.984316826 0.010732685 -0.176083028 2.419841290 0.064648651 0.906760752 0.416659892 -0.154458955 0.164137065 -0.421508878 0.891846001 1.070912242
0.980337799 0.017474292 -0.196551368 2.440904617 0.071322605 0.897352099 0.435513824 -0.153767347 0.183986083 -0.440969229 0.878461838 1.076188087
0.975539029 0.024690757 -0.218435317 2.462143898 0.079449527 0.886901796 0.455074757 -0.158046454 0.204966813 -0.461297750 0.863245606 1.078833103
0.970749736 0.034351144 -0.237623557 2.474667549 0.085056789 0.876320720 0.474159598 -0.163696647 0.224522382 -0.480501801 0.847766340 1.077211618
0.962930918 0.041652650 -0.266512841 2.506848574 0.099401295 0.863687932 0.494128108 -0.173026770 0.250765681 -0.502302945 0.827531457 1.085690737
0.955196440 0.051344864 -0.291484952 2.528009176 0.110046826 0.852620006 0.510811985 -0.175790787 0.274753481 -0.520002782 0.808769226 1.089005828
0.947282910 0.062915534 -0.314160317 2.544430494 0.118778631 0.841702104 0.526715577 -0.180445194 0.297567993 -0.536264181 0.789856970 1.089257479
0.937821090 0.073083244 -0.339338213 2.565864325 0.130990326 0.830795884 0.540943384 -0.182887465 0.321454704 -0.551758170 0.769564748 1.092595816
0.928043008 0.084461428 -0.362770557 2.585496902 0.142374068 0.819553077 0.555033684 -0.188540220 0.344188660 -0.566744268 0.748555362 1.096228957
0.917420566 0.095690824 -0.386241823 2.606742859 0.154056475 0.809543490 0.566485643 -0.190886050 0.366887033 -0.579208672 0.727950037 1.098819494
0.907229841 0.107620932 -0.406634629 2.624890089 0.164144605 0.799492359 0.577813566 -0.195911556 0.387286127 -0.590956628 0.707657933 1.100990534
0.896327019 0.119857624 -0.426886499 2.645343065 0.173862025 0.790660381 0.587050498 -0.197984517 0.407884717 -0.600408554 0.687851548 1.104561090
0.886019588 0.131377116 -0.444645196 2.664566994 0.182556227 0.782696426 0.595029056 -0.201364875 0.426195383 -0.608380139 0.669500649 1.106511474
0.875813305 0.143623203 -0.460785687 2.684579849 0.190051526 0.774947047 0.602774858 -0.206059754 0.443656951 -0.615491271 0.651413083 1.110465527
0.865182459 0.165170252 -0.473474532 2.702275991 0.185923785 0.771241426 0.608784914 -0.206497848 0.465716332 -0.614740252 0.636555433 1.111631751
0.855274081 0.184312358 -0.484288394 2.721291304 0.182674900 0.767352939 0.614653885 -0.211240292 0.484908432 -0.614164889 0.622627854 1.115800619
0.847236633 0.197601572 -0.493096113 2.741782188 0.181463644 0.764745414 0.618251920 -0.213529408 0.499260545 -0.613284707 0.612062812 1.119560599
0.841629386 0.207289636 -0.498689324 2.761049509 0.179315001 0.763757586 0.620097220 -0.212450922 0.509417474 -0.611314535 0.605630636 1.122826338
0.839867592 0.212870315 -0.499308258 2.776314259 0.177464589 0.761645615 0.623219311 -0.215905845 0.512960851 -0.612031221 0.601904511 1.128008723
0.841185927 0.211202264 -0.497794956 2.793144226 0.177652091 0.761534631 0.623301506 -0.216869175 0.510730803 -0.612746775 0.603071690 1.131313086
0.846011043 0.205768287 -0.491858423 2.809134483 0.178392202 0.760107756 0.624829888 -0.222240984 0.502435565 -0.616356671 0.606352091 1.138244271
0.850131989 0.210301042 -0.482751489 2.825214386 0.164221376 0.765173018 0.622528374 -0.219190001 0.500306785 -0.608509421 0.615962148 1.143607974
0.856540799 0.213449195 -0.469869494 2.841605902 0.148025081 0.770592690 0.619899571 -0.218894482 0.494395047 -0.600521743 0.628448248 1.149432063
0.864715815 0.216381967 -0.453260928 2.858047485 0.128564447 0.777017117 0.616210699 -0.221500456 0.485528380 -0.591120362 0.644079924 1.154440522
0.873948932 0.219391167 -0.433682859 2.871486664 0.105794907 0.785047054 0.610334754 -0.218741357 0.474363536 -0.579282820 0.662880540 1.160685897
0.884100676 0.222570062 -0.410887480 2.884522438 0.080674618 0.793386221 0.603348911 -0.217742413 0.460279882 -0.566569388 0.683477581 1.166987181
0.894212067 0.225364938 -0.386775672 2.899090290 0.054786522 0.802432358 0.594222844 -0.215956718 0.444278300 -0.552551329 0.705197752 1.173294067
0.904021978 0.228867024 -0.361059725 2.913988590 0.027909212 0.811211467 0.584086478 -0.216602176 0.426573932 -0.538103938 0.726965487 1.180812240
0.913001120 0.232316867 -0.335347354 2.930549622 0.000663030 0.821170151 0.570683062 -0.212646902 0.407956541 -0.521256685 0.749575257 1.187000990
0.922388554 0.236354724 -0.305509120 2.941494703 -0.028043186 0.829824328 0.557319641 -0.213634312 0.385244012 -0.505497813 0.772048593 1.191089869
0.929734826 0.241759256 -0.277750939 2.955107450 -0.055749275 0.838007629 0.542803168 -0.214153349 0.363985091 -0.489178628 0.792602777 1.198009014
0.935738266 0.248365700 -0.250416398 2.968965054 -0.083612964 0.845981956 0.526615143 -0.212234318 0.342640877 -0.471835911 0.812384248 1.205793738
0.940779865 0.253125817 -0.225522920 2.984878778 -0.108060218 0.854421258 0.508219838 -0.205905020 0.321335137 -0.453752935 0.831175089 1.212654829
0.944120944 0.261173189 -0.201057717 2.993146658 -0.133438990 0.860656381 0.491390526 -0.205641642 0.301379621 -0.437103152 0.847414434 1.217744470
0.946421027 0.269277811 -0.178260088 2.996514797 -0.157245696 0.866406679 0.473933816 -0.202238366 0.282065570 -0.420510322 0.862328291 1.221132994
0.947385311 0.277060956 -0.160307139 3.007233381 -0.177441299 0.871386528 0.457383990 -0.198202536 0.266412705 -0.404873759 0.874700844 1.228332400
0.947143793 0.286467463 -0.144412518 3.012703419 -0.197170496 0.874898851 0.442352563 -0.199335188 0.253065974 -0.390497625 0.885137975 1.228430867
0.945282757 0.298382401 -0.131941274 3.016838074 -0.217465177 0.877732098 0.426960558 -0.194791824 0.243206590 -0.374905795 0.894592762 1.229590535
0.942962110 0.308783829 -0.124398522 3.024817705 -0.232886776 0.878898859 0.416293889 -0.194932610 0.237878546 -0.363578588 0.900679946 1.234263182
0.939810336 0.319082588 -0.122240849 3.038410425 -0.245487183 0.879354656 0.408009082 -0.195635498 0.237681642 -0.353442609 0.904757321 1.238379598
0.935417175 0.330652595 -0.125154406 3.051063776 -0.256984353 0.879018962 0.401602775 -0.194025129 0.242804065 -0.343503416 0.907221913 1.239977479
0.929897428 0.342790097 -0.133362904 3.066165924 -0.266483039 0.877780497 0.398105800 -0.190009028 0.253530085 -0.334658593 0.907593608 1.244884014
0.923158646 0.354688734 -0.148236200 3.089667559 -0.271524668 0.874590456 0.401703775 -0.199646056 0.272125781 -0.330586523 0.903692484 1.247012854
0.915072680 0.367090851 -0.166992053 3.109951735 -0.275996238 0.871951699 0.404383838 -0.196010649 0.294054627 -0.323951423 0.899214864 1.251314998
0.905485034 0.379723638 -0.189490795 3.133914709 -0.277907908 0.868024766 0.411461055 -0.197907791 0.320724189 -0.319910854 0.891511679 1.255028963
0.894076467 0.392750263 -0.215347394 3.163117886 -0.277408898 0.863008022 0.422210157 -0.204974845 0.351669669 -0.317748874 0.880547643 1.258366227
0.880795717 0.404744893 -0.245724484 3.199119091 -0.273290217 0.858348608 0.434223622 -0.210375175 0.386667043 -0.315308183 0.866642594 1.262897015
0.865666926 0.417203546 -0.276698381 3.234675884 -0.267559528 0.852718294 0.448646247 -0.216232985 0.423122555 -0.314344943 0.849796772 1.269173980
0.847954512 0.430774808 -0.308879077 3.270062208 -0.261152565 0.846595407 0.463762403 -0.221024930 0.461272746 -0.312584847 0.830372334 1.275344491
0.829215765 0.442731798 -0.341159552 3.308976650 -0.252876103 0.841506720 0.477409869 -0.221040279 0.498452574 -0.309604675 0.809746861 1.278825760
0.807801545 0.456161231 -0.373327792 3.349195004 -0.241592169 0.833920360 0.496195674 -0.232782304 0.537670851 -0.310634583 0.783847094 1.287089825
0.784930766 0.470541507 -0.403081149 3.386521578 -0.231837690 0.826363146 0.513200998 -0.239745766 0.574573755 -0.309377849 0.757727087 1.291625738
0.759229958 0.483740628 -0.435390592 3.434712887 -0.218150213 0.819438696 0.530028999 -0.245488063 0.613172412 -0.307433397 0.727670491 1.302191496
0.733691990 0.495080620 -0.465393662 3.483094215 -0.203324854 0.813504994 0.544856489 -0.249432698 0.648347974 -0.305130780 0.697524309 1.308954716
0.707859993 0.508289337 -0.490485728 3.523003578 -0.191845357 0.806635857 0.559047401 -0.249859631 0.679801166 -0.301629931 0.668498218 1.314879894
0.681558847 0.522049308 -0.512778759 3.570379019 -0.176610813 0.797380924 0.577054858 -0.264902055 0.710131049 -0.302734584 0.635661602 1.325230122
0.656277716 0.533956766 -0.533094466 3.620505333 -0.163012460 0.790188611 0.590786695 -0.272418916 0.736699700 -0.300819099 0.605624795 1.331977487
0.629536331 0.546976268 -0.551816106 3.672396660 -0.147011846 0.781241000 0.606671274 -0.284571767 0.762936115 -0.300798118 0.572231591 1.353310227
0.605424166 0.559053540 -0.566498637 3.726946831 -0.134971946 0.773575842 0.619163156 -0.293588459 0.784375012 -0.298394978 0.543798089 1.364681244
0.583355069 0.570317924 -0.578302979 3.783369064 -0.123994999 0.766192496 0.630534947 -0.301673889 0.802696764 -0.296119064 0.517678857 1.378410101
0.564636767 0.581171930 -0.586024344 3.840157509 -0.115187697 0.758581161 0.641316175 -0.310146719 0.817261994 -0.294607937 0.495266676 1.392055869
0.549052954 0.586313844 -0.595631659 3.897195101 -0.109548748 0.756995499 0.644171536 -0.320066094 0.828577161 -0.288433641 0.479860544 1.405663610
0.537080407 0.589849770 -0.603010833 3.957070351 -0.106719203 0.756634653 0.645069838 -0.326784939 0.836753130 -0.282101572 0.469321907 1.417557478
0.527614594 0.593277037 -0.607984602 4.017497540 -0.104748301 0.755685687 0.646503627 -0.334662586 0.843001008 -0.277419418 0.460855544 1.435822964
0.521290660 0.596088052 -0.610684097 4.079689503 -0.104862705 0.754927039 0.647370815 -0.343142837 0.846911967 -0.273430347 0.456043839 1.455816746
0.518493414 0.598254919 -0.610946596 4.144807339 -0.108083010 0.754611850 0.647208750 -0.350965232 0.848223269 -0.269540578 0.455922425 1.474082708
0.519559860 0.600165248 -0.608160615 4.206521034 -0.114593238 0.754284620 0.646469772 -0.356512487 0.846714854 -0.266188711 0.460670888 1.491628408
0.522609711 0.602328300 -0.603390157 4.271797657 -0.123965554 0.753892541 0.645196497 -0.363215119 0.843511522 -0.262386352 0.468659520 1.509801984
0.529195428 0.604965508 -0.594952941 4.343105316 -0.134956658 0.752267838 0.644887447 -0.379155666 0.837698579 -0.260978609 0.479740798 1.527236819
0.537495732 0.605691493 -0.586716533 4.409174442 -0.147476017 0.752561450 0.641796052 -0.380585432 0.830270588 -0.258436054 0.493823528 1.551511168
0.549295604 0.606465697 -0.574868560 4.480664253 -0.162230164 0.752254426 0.638588130 -0.386672229 0.819729149 -0.257512659 0.511597037 1.569419861
0.563660145 0.607891858 -0.559244871 4.544283867 -0.179464385 0.750999987 0.635445952 -0.392332941 0.806275308 -0.257811040 0.532403708 1.588096023
0.577412426 0.611502230 -0.540980577 4.616717339 -0.197552353 0.747551441 0.634145081 -0.406781495 0.792191923 -0.259291261 0.552449167 1.611971021
0.593207121 0.613580346 -0.521176100 4.691223621 -0.216625407 0.745164275 0.630716741 -0.414675176 0.775357246 -0.261245728 0.574953854 1.634707808
0.609667122 0.615685999 -0.499236345 4.767845631 -0.235357746 0.742029548 0.627693415 -0.423763037 0.756910086 -0.265184909 0.597297430 1.659453154
0.627171576 0.617675781 -0.474481195 4.843882561 -0.255396903 0.738589644 0.623905182 -0.430779219 0.735818088 -0.270114571 0.620974898 1.683236003
0.644494414 0.618883789 -0.449009806 4.925570488 -0.274022162 0.735187709 0.620008767 -0.441640168 0.713819861 -0.276553631 0.643412232 1.707072377
0.661540151 0.620385230 -0.421292067 5.003157616 -0.292378336 0.730707765 0.616912603 -0.449090153 0.690564752 -0.284935802 0.664779663 1.734445691
0.679051578 0.620353162 -0.392493308 5.086378098 -0.309092283 0.726579607 0.613631904 -0.460051239 0.665846109 -0.295371115 0.685131311 1.759567738
0.695808887 0.619383752 -0.363612145 5.169653416 -0.323301077 0.722178161 0.611502349 -0.471291840 0.641347349 -0.307932645 0.702745438 1.788499117
0.712527394 0.615799129 -0.336297631 5.259758949 -0.334601551 0.719506979 0.608565152 -0.480177730 0.616722345 -0.321093619 0.718715787 1.817605019
0.743980765 0.588989615 -0.315569222 5.347806931 -0.333778113 0.736703157 0.588099241 -0.495113403 0.578865170 -0.332204401 0.744684815 1.847560763
0.772140384 0.563387334 -0.293928415 5.434493065 -0.335415691 0.754209042 0.564504206 -0.508906305 0.539718032 -0.337288290 0.771324217 1.876975060
0.798011422 0.537302911 -0.272916496 5.526018143 -0.334984928 0.771945715 0.540263772 -0.523547947 0.500962019 -0.339713722 0.796009839 1.909731150
0.821006775 0.512845397 -0.250873446 5.617368221 -0.335919201 0.789237857 0.514064193 -0.537945509 0.461634248 -0.337776989 0.820244193 1.942654133
0.841543436 0.489316016 -0.228854597 5.712614059 -0.336497813 0.806267858 0.486519605 -0.556808710 0.422579944 -0.332418323 0.843163252 1.972617388
0.859385729 0.467069179 -0.208092630 5.811045647 -0.336093664 0.822679758 0.458518296 -0.572168827 0.385353386 -0.324105471 0.863978267 2.009617805
0.875564694 0.446101040 -0.185419351 5.914888859 -0.336451352 0.838505328 0.428613275 -0.592704713 0.346679926 -0.312894046 0.884256959 2.043538094
0.889514983 0.427141398 -0.162213877 6.028679371 -0.337142140 0.853217006 0.397939593 -0.612564147 0.308380097 -0.299284101 0.902956665 2.081689835
0.901332617 0.410351932 -0.138603061 6.148395538 -0.338105291 0.866602302 0.366994858 -0.634189606 0.270710796 -0.283922017 0.919839084 2.120558500
0.911470830 0.394919962 -0.115148462 6.274011135 -0.338728398 0.879357755 0.334653646 -0.655926585 0.233418077 -0.266023010 0.935279489 2.161359072
0.919843316 0.381115139 -0.092949413 6.414240360 -0.338255882 0.890565872 0.304097772 -0.685832739 0.198673815 -0.248281613 0.948095441 2.205544233
0.927201986 0.367538095 -0.072195575 6.562995911 -0.336267114 0.901699007 0.271778077 -0.705644727 0.164987460 -0.227716193 0.959648132 2.255311966
0.932483435 0.358146697 -0.046963435 6.707740784 -0.337500513 0.910204887 0.240042567 -0.735829353 0.128716797 -0.207985535 0.969625711 2.297424078
0.936739087 0.349115759 -0.025261251 6.867781639 -0.336377800 0.917817950 0.210855901 -0.770211756 0.096798345 -0.189019635 0.977190673 2.346564770
0.939848244 0.341576785 -0.003245264 7.033480167 -0.335419685 0.924621582 0.180467501 -0.799401045 0.064644150 -0.168523535 0.983575583 2.401515484
0.942117453 0.334778607 0.018383481 7.204889297 -0.333561361 0.930320621 0.152447805 -0.833201289 0.033933733 -0.149755761 0.988140523 2.459401131
0.943760574 0.328399688 0.038335275 7.383584023 -0.330605000 0.935910165 0.121542290 -0.853721380 0.004036078 -0.127380654 0.991845667 2.517939091
0.943937898 0.324774891 0.059182420 7.562530994 -0.329265356 0.939147532 0.097909123 -0.899133861 -0.023782600 -0.111906849 0.993434072 2.572033644
0.944284439 0.321107656 0.072226927 7.779303074 -0.326254725 0.942163169 0.076723009 -0.946625352 -0.043413203 -0.096012719 0.994432926 2.621468544
0.942492723 0.321523696 0.091268808 7.975612164 -0.327545673 0.942874372 0.060841549 -1.016221642 -0.066493019 -0.087237418 0.993965924 2.690371513
0.944189727 0.312173635 0.105134912 8.199102402 -0.317878515 0.947185695 0.042338334 -1.048014283 -0.086365372 -0.073395550 0.993556321 2.749786377
0.945259154 0.303883046 0.118912570 8.425518036 -0.309017897 0.950673401 0.026981840 -1.041147232 -0.104847699 -0.062250946 0.992538035 2.803098679
0.945966005 0.297259688 0.129556894 8.619680405 -0.301347196 0.953429639 0.012720325 -0.894020081 -0.119742140 -0.051074598 0.991490424 2.805397511
0.946402907 0.290745556 0.140671670 8.813029289 -0.293810219 0.955863178 0.001065411 -0.740399599 -0.134153098 -0.042339083 0.990055740 2.805081606
0.946785271 0.285231858 0.149132237 9.052785873 -0.287546068 0.957746267 -0.006272182 -0.638322949 -0.144619867 -0.036943972 0.988797367 2.798854589
0.946553230 0.280921221 0.158493727 9.296190262 -0.282252401 0.959230304 -0.014519474 -0.533767164 -0.156110808 -0.030991780 0.987253249 2.805932522
0.946137309 0.277410001 0.166936785 9.532258034 -0.277531415 0.960439324 -0.023078520 -0.431348205 -0.166734859 -0.024494749 0.985697448 2.813038588
0.945487142 0.274797082 0.174758837 9.765077591 -0.273552716 0.961336017 -0.031653680 -0.331625193 -0.176700309 -0.017877601 0.984102309 2.833349466
0.944983900 0.272711605 0.180648237 10.000133514 -0.270825028 0.961973190 -0.035516288 -0.254383713 -0.183464468 -0.015361737 0.982906282 2.824993372
0.945222557 0.270079672 0.183333799 10.249650002 -0.266731352 0.962803900 -0.043163132 -0.154254586 -0.188171968 -0.008102102 0.982102692 2.849547148
0.943976343 0.269567311 0.190373600 10.465322495 -0.265073895 0.962973058 -0.049180102 -0.072443545 -0.196582004 -0.004038217 0.980479062 2.866539478
0.942505062 0.269451350 0.197687089 10.671793938 -0.263795882 0.963013947 -0.054917384 0.003022656 -0.205172971 -0.000389120 0.978725672 2.885184526
0.940616131 0.270447969 0.205180883 10.873445511 -0.263542563 0.962729573 -0.060804278 0.075087175 -0.213978097 0.003119600 0.976833463 2.902606010
0.938365281 0.272036284 0.213229522 11.069427490 -0.263939321 0.962269664 -0.066129498 0.139047667 -0.223173931 0.005773969 0.974761546 2.916798830
0.936060846 0.272867262 0.222111672 11.258203506 -0.263057023 0.961998701 -0.073208891 0.204914510 -0.233647436 0.010099942 0.972268939 2.943653822
0.932496965 0.275394171 0.233682334 11.425153732 -0.263370067 0.961218059 -0.081829302 0.269318730 -0.247154996 0.014760643 0.968863547 2.974542856
0.928420603 0.279164255 0.245158121 11.598709106 -0.264855593 0.960058808 -0.090214014 0.320056617 -0.260550737 0.018825058 0.965276599 2.999445438
0.925306797 0.283175796 0.252227575 11.796525955 -0.265985787 0.958716333 -0.100571148 0.377426803 -0.270294011 0.025970226 0.962427497 3.029441833
0.920116007 0.287338614 0.266126066 11.953530312 -0.266725272 0.957309544 -0.111427635 0.423079997 -0.286782473 0.031543810 0.957476258 3.065105200
0.913631618 0.293217748 0.281603724 12.099873543 -0.268555582 0.955324054 -0.123425640 0.461701900 -0.305213392 0.037139323 0.951559484 3.101525784
0.906490445 0.298121601 0.298996091 12.241153717 -0.268729478 0.953560114 -0.136042476 0.496458650 -0.325667948 0.042972151 0.944507182 3.134710550
0.898315907 0.304163843 0.317037642 12.375391960 -0.268704861 0.951269448 -0.151275188 0.528397620 -0.347600669 0.050703354 0.936270773 3.173790693
0.889041483 0.311143667 0.335849494 12.500000954 -0.268806487 0.948567688 -0.167219847 0.555209517 -0.370605350 0.058386866 0.926953435 3.206217051
0.879144669 0.317175776 0.355674267 12.633800507 -0.267023504 0.946035802 -0.183615640 0.580953717 -0.394719034 0.066451326 0.916395724 3.248631477
0.867439806 0.324999511 0.376727402 12.755549431 -0.267702073 0.943104088 -0.197206125 0.569854379 -0.419385046 0.070213750 0.905089080 3.276550770
0.855879009 0.331911474 0.396618128 12.901907921 -0.264649123 0.939955831 -0.215508312 0.601311326 -0.444333196 0.079484403 0.892328560 3.320531130
0.842645705 0.340845793 0.416860074 13.044946671 -0.262745410 0.936007679 -0.234210417 0.636105299 -0.470013857 0.087828338 0.878278494 3.357541084
0.829916894 0.348292053 0.435810328 13.205314636 -0.259991705 0.932624161 -0.250232905 0.648952842 -0.493601382 0.094365478 0.864553571 3.403393984
0.816738129 0.356766105 0.453494012 13.370467186 -0.256928951 0.928586125 -0.267797172 0.678855598 -0.516649187 0.102204397 0.850075245 3.448580503
0.803243935 0.365026325 0.470696300 13.537373543 -0.254381478 0.924755991 -0.283048540 0.689514875 -0.538599372 0.107620627 0.835660577 3.496159792
0.790577173 0.371409982 0.486869991 13.719169617 -0.249532342 0.921455979 -0.297745645 0.706088901 -0.559214950 0.113901109 0.821160913 3.543234587
0.775928199 0.379628301 0.503803372 13.878603935 -0.248839080 0.918082595 -0.308550686 0.691435814 -0.579667687 0.114047229 0.806832492 3.619177580
0.766413271 0.385741830 0.513628244 14.090620041 -0.242567182 0.914206803 -0.324633837 0.740413129 -0.594787240 0.124214336 0.794228494 3.652150631
0.754250646 0.393785030 0.525394499 14.272193909 -0.242014632 0.910586417 -0.335054189 0.750310302 -0.610356450 0.125561669 0.782112122 3.712377548
0.744802237 0.399441272 0.534524441 14.469852448 -0.239198580 0.907627761 -0.344957799 0.770297766 -0.622939646 0.129067898 0.771548986 3.766405582
0.737259746 0.403779745 0.541673303 14.673078537 -0.237787023 0.905537248 -0.351368248 0.775706887 -0.632380724 0.130246803 0.763629794 3.825452566
0.731001377 0.408047557 0.546931684 14.877971649 -0.237167448 0.903469861 -0.357062846 0.790844560 -0.639834881 0.131299049 0.757213295 3.886410236
0.728574157 0.410318136 0.548469424 15.101612091 -0.236646309 0.902202487 -0.360595584 0.808925152 -0.642789364 0.132927373 0.754421711 3.928099871
0.728475213 0.411652714 0.547600150 15.325968742 -0.237763196 0.901567996 -0.361446828 0.820285559 -0.642489314 0.133105904 0.754645824 3.974613428
0.730906606 0.411677957 0.544331610 15.554137230 -0.240202889 0.901723981 -0.359439045 0.829234838 -0.638809979 0.131966397 0.757962227 4.025146008
0.736319125 0.408058733 0.539742768 15.778974533 -0.241736934 0.903686821 -0.353430897 0.824591994 -0.631978989 0.129762173 0.764044762 4.096247673
0.744724751 0.404017061 0.531182945 16.015592575 -0.244285181 0.905721664 -0.346400112 0.834217548 -0.621055484 0.128212631 0.773208737 4.155259132
0.756277859 0.397147655 0.519920707 16.262109756 -0.248139650 0.909423590 -0.333729565 0.810669661 -0.605368078 0.123379312 0.786324978 4.214001656
0.769056439 0.390022010 0.506394207 16.497123718 -0.252095640 0.913114727 -0.320420504 0.798059940 -0.587367058 0.118761688 0.800559580 4.272646427
0.783506751 0.381784022 0.490263343 16.744768143 -0.256309539 0.917306662 -0.304719448 0.770097017 -0.566058874 0.113090590 0.816570818 4.334082603
0.801898658 0.372901291 0.466801077 17.029438019 -0.261464149 0.921551704 -0.287017494 0.731699646 -0.537210524 0.108107202 0.836491346 4.355803013
0.818124533 0.363839984 0.445300698 17.288902283 -0.266592532 0.926116109 -0.266903251 0.673636854 -0.509510219 0.099646293 0.854675412 4.425092697
0.834247470 0.354937315 0.421960503 17.542316437 -0.273008466 0.930770755 -0.243171200 0.613289952 -0.479059011 0.087666199 0.873394012 4.481282711
0.850588799 0.345616907 0.396292388 17.802604675 -0.279028118 0.935457289 -0.216940030 0.627852976 -0.445692748 0.073950060 0.892126322 4.524792671
0.866677046 0.337277263 0.367579967 18.047586441 -0.285138309 0.939513445 -0.189764753 0.725714684 -0.409349650 0.059653636 0.910425365 4.537240982
0.881530166 0.330368727 0.337284833 18.270309448 -0.291118920 0.942772865 -0.162570462 0.866164625 -0.371691167 0.045120794 0.927259326 4.535799026
0.896678209 0.322243989 0.303524256 18.504169464 -0.295171887 0.946204066 -0.132557407 1.007968545 -0.329911709 0.029269518 0.943557918 4.505487919
0.910871029 0.309373647 0.273133606 18.673357010 -0.292687058 0.950864732 -0.100948244 1.109238267 -0.290943831 0.012008169 0.956664801 4.421829224
0.924793363 0.297809780 0.236783877 18.789154053 -0.289872915 0.954610586 -0.068500556 1.075319052 -0.246436536 -0.005288359 0.969144523 4.195659161
0.937157273 0.285767823 0.200182572 18.970157623 -0.283271283 0.958135664 -0.041635033 0.973903418 -0.203700021 -0.017687397 0.978873551 4.075242043
0.947393179 0.273957670 0.165509373 19.118606567 -0.276163071 0.961058795 -0.009995933 0.836379051 -0.161802709 -0.036237497 0.986157537 3.963451147
0.957325459 0.260131955 0.125933856 19.323102951 -0.265183657 0.963877141 0.024868632 0.689404190 -0.114915647 -0.057202976 0.991726875 3.857144594
0.964532971 0.247700572 0.091217116 19.479736328 -0.253200352 0.965877235 0.054504268 0.591479957 -0.074603796 -0.075667366 0.994338334 3.753889084
0.970343411 0.235176116 0.055909712 19.653085709 -0.239327207 0.967180490 0.085348696 0.487055033 -0.034002807 -0.096198253 0.994781256 3.640415668
0.974642873 0.222752482 0.021275699 19.833225250 -0.223716125 0.967998207 0.113712437 0.412454128 0.004734886 -0.115588732 0.993285894 3.526874542
0.977726758 0.209537297 -0.012019875 20.010442734 -0.205655441 0.967901230 0.144475222 0.326585412 0.041906998 -0.138785332 0.989435434 3.410412788
0.979536295 0.196444228 -0.043797981 20.185405731 -0.186350703 0.967418671 0.171389937 0.282353967 0.076039545 -0.159720883 0.984229267 3.288093567
0.980138600 0.184028670 -0.073903941 20.359722137 -0.166446254 0.965981007 0.197930023 0.249683321 0.107814603 -0.181697831 0.977426171 3.163825750
0.979798973 0.170677036 -0.104227319 20.540124893 -0.144361556 0.964300334 0.222001478 0.242009580 0.138396993 -0.202470407 0.969459653 3.035688400
0.978455782 0.158504099 -0.132290214 20.710105896 -0.122667491 0.961727798 0.245014966 0.251330674 0.166063055 -0.223508611 0.960451424 2.911096573
0.976672649 0.145721868 -0.157720074 20.853452682 -0.099806979 0.958392680 0.267435998 0.272333622 0.190129042 -0.245455876 0.950580001 2.777030468
0.973933876 0.133149937 -0.183640659 20.998340607 -0.076794222 0.955329359 0.285391867 0.331725448 0.213437214 -0.263850272 0.940652728 2.630987406
0.971259594 0.120487377 -0.205274448 21.093364716 -0.054212514 0.951728225 0.302116573 0.412651032 0.231766716 -0.282305151 0.930907071 2.481341362
0.967674911 0.109730206 -0.227078319 21.191347122 -0.031515405 0.945941210 0.322803378 0.466968626 0.250224024 -0.305212259 0.918821752 2.318313122
0.963986218 0.098350063 -0.247098848 21.256692886 -0.009307616 0.941016853 0.338231653 0.564092875 0.265789270 -0.323750764 0.908042669 2.164752722
0.960265756 0.086975552 -0.265188456 21.302667618 0.012687861 0.935611904 0.352802277 0.663872600 0.278798640 -0.342148632 0.897332549 2.013595343
0.956314981 0.076595291 -0.282125652 21.340776443 0.033781737 0.929645956 0.366902143 0.765677214 0.290379941 -0.360404700 0.886446834 1.872808695
0.952523828 0.066702619 -0.297067553 21.376041412 0.053307507 0.924097598 0.378420383 0.875770807 0.299761027 -0.376290351 0.876669228 1.734800935
0.948913276 0.057129476 -0.310322076 21.412115097 0.071990877 0.918336093 0.389199406 0.986343801 0.307214707 -0.391656846 0.867308497 1.604719162
0.945747674 0.047921736 -0.321348518 21.448268890 0.088758588 0.913332283 0.397424251 1.108423352 0.312543243 -0.404385507 0.859528422 1.464450002
0.942929804 0.039712626 -0.330615073 21.489650726 0.104532644 0.907371819 0.407123178 1.210781693 0.316158712 -0.418448657 0.851436675 1.313662767
0.940306246 0.032143351 -0.338808149 21.536520004 0.118890159 0.901783407 0.415513903 1.306368828 0.318887562 -0.430991292 0.844131052 1.166242838
0.938469410 0.025137184 -0.344446421 21.567873001 0.131118968 0.896740973 0.422686040 1.393786192 0.319504350 -0.441841364 0.838267982 0.997141004
0.937422752 0.019348843 -0.347655237 21.593494415 0.140147418 0.893039048 0.427597970 1.485239744 0.318743229 -0.449563056 0.834443450 0.816091478
0.936299145 0.012610553 -0.350977063 21.627527237 0.148899391 0.890839100 0.429225624 1.586356997 0.318076879 -0.454143852 0.832214236 0.634061575
0.935970306 0.006741856 -0.352014363 21.655710220 0.156228557 0.888042569 0.432403803 1.650123954 0.315518945 -0.459711820 0.830128193 0.433060318
0.936053693 0.001372139 -0.351854593 21.688631058 0.162111014 0.885852039 0.434725404 1.704080939 0.312287629 -0.463965833 0.828982592 0.221392393
0.937044024 -0.001414971 -0.349208474 21.714214325 0.164175317 0.884374022 0.436954290 1.753497839 0.308212638 -0.466776818 0.828929663 0.005447209
0.938636839 -0.004534150 -0.344877213 21.743772507 0.165508047 0.883188963 0.438844383 1.796453238 0.302601963 -0.468995452 0.829744101 -0.210784972
0.939517736 -0.006976163 -0.342429221 21.797706604 0.166680753 0.882723808 0.439336032 1.828794122 0.299205542 -0.469840348 0.830497503 -0.435839772
0.941806018 -0.007617029 -0.336070597 21.825098038 0.164037257 0.883045375 0.439684749 1.871122122 0.293416470 -0.469225824 0.832906902 -0.644206643
0.943825662 -0.008263526 -0.330340505 21.873615265 0.161605015 0.883523464 0.439625055 1.900691986 0.288230717 -0.468314081 0.835227489 -0.859991491
0.946171045 -0.008356435 -0.323559046 21.924983978 0.158017725 0.884360909 0.439244986 1.928298354 0.282472461 -0.466728985 0.838077188 -1.070326328
0.948219419 -0.008202530 -0.317510039 21.983806610 0.154446244 0.885426402 0.438367873 1.952844024 0.277536064 -0.464707196 0.840845406 -1.276471138
0.949858487 -0.008328549 -0.312569141 22.051013947 0.151394293 0.886906505 0.436436325 1.974953055 0.273584723 -0.461873919 0.843696594 -1.486497641
0.951810181 -0.006410480 -0.306620747 22.114835739 0.146246240 0.888275862 0.435405612 1.996386170 0.269572645 -0.459265649 0.846407533 -1.675181627
0.953453302 -0.004438957 -0.301507950 22.182142258 0.141058832 0.890307665 0.432960361 2.017758369 0.266512930 -0.455337852 0.849492967 -1.870627642
0.954640210 -0.002556829 -0.297750771 22.252536774 0.136788219 0.891968668 0.430907100 2.036447525 0.264482588 -0.452090025 0.851858854 -2.059811592
0.955273390 -0.001530206 -0.295720071 22.326654434 0.133945182 0.893768013 0.428062379 2.054353714 0.263650149 -0.448526889 0.853997827 -2.245651722
0.955446005 0.001049997 -0.295164078 22.404785156 0.130737558 0.895045578 0.426381439 2.067537308 0.264633000 -0.445973486 0.855030417 -2.436186790
0.954965115 0.004299260 -0.296686947 22.485889435 0.127682596 0.896629274 0.423973054 2.085257769 0.267840952 -0.442761213 0.855700731 -2.631754398
0.953907132 0.006156628 -0.300038695 22.568084717 0.126821354 0.897858202 0.421624213 2.101995945 0.271988004 -0.440241665 0.855692625 -2.831442595
0.952400744 0.008674511 -0.304725498 22.647304535 0.125928864 0.899128258 0.419178098 2.120520115 0.277623475 -0.437599272 0.855238020 -3.026947498
0.949940622 0.011177060 -0.312230557 22.733964920 0.126748025 0.899641752 0.417827338 2.134279966 0.285565734 -0.436485767 0.853189588 -3.234539509
0.946519613 0.014143225 -0.322336227 22.822917938 0.128505260 0.899854779 0.416830629 2.147002459 0.295951128 -0.435960263 0.849912703 -3.448853970
0.941937029 0.017445089 -0.335336179 22.914117813 0.131586835 0.899600327 0.416418314 2.159199715 0.308932990 -0.436365634 0.845071316 -3.670823097
0.936144173 0.018968990 -0.351104349 23.004470825 0.137304038 0.899543762 0.414691031 2.176334143 0.323699981 -0.436418623 0.839498162 -3.893719673
0.929263353 0.021739129 -0.368777722 23.096162796 0.143445715 0.898701131 0.414438933 2.188498020 0.340430498 -0.438022494 0.832011700 -4.121220589
0.921166956 0.025036618 -0.388361424 23.188669205 0.150021508 0.897953987 0.413729519 2.201139212 0.359089077 -0.439376533 0.823409557 -4.343000412
0.911924839 0.027457301 -0.409437716 23.283075333 0.158362567 0.896919847 0.412863225 2.214775801 0.378568918 -0.441339821 0.813575268 -4.583963871
0.901532948 0.030535251 -0.431631684 23.376277924 0.167129427 0.895527363 0.412429988 2.227214575 0.399131656 -0.443957597 0.802244127 -4.828879356
0.890585721 0.034919176 -0.453472942 23.461439133 0.174854144 0.894133389 0.412251741 2.240832567 0.419860780 -0.446437150 0.790196657 -5.075975418
0.878762901 0.038843021 -0.475675315 23.549402237 0.183539152 0.892529011 0.411953121 2.251745939 0.440555513 -0.449314177 0.777192116 -5.331740856
0.865558445 0.042238254 -0.499023616 23.639461517 0.193044275 0.891295016 0.410276890 2.264725685 0.462106645 -0.451452255 0.763314068 -5.591500282
0.852030337 0.047988571 -0.521288216 23.724058151 0.200117245 0.890300751 0.409044832 2.277872562 0.483732760 -0.452837378 0.748959899 -5.863996506
0.837740600 0.054750614 -0.543316722 23.807317734 0.206728250 0.889108002 0.408350825 2.290266991 0.505424738 -0.454410970 0.733523369 -6.128392220
0.823708117 0.061130848 -0.563709199 23.885841370 0.212592334 0.888352275 0.406982541 2.304374695 0.525651515 -0.455075085 0.718747020 -6.407618999
0.808645070 0.073269360 -0.583716333 23.965328217 0.211856544 0.889374495 0.405129433 2.317976713 0.548825979 -0.451270044 0.703665674 -6.692715168
0.793565392 0.084803373 -0.602546632 24.046539307 0.210190415 0.891081035 0.402236968 2.336258650 0.571028948 -0.445850819 0.689306200 -6.991173267
0.779930055 0.096225023 -0.618425310 24.112823486 0.207542002 0.892436862 0.400602967 2.350980759 0.590453565 -0.440791517 0.676067591 -7.283874512
0.766697049 0.108723976 -0.632735968 24.182201385 0.203679010 0.893451273 0.400324494 2.364390850 0.608843625 -0.435802639 0.662861645 -7.566336155
0.755408168 0.117359318 -0.644659102 24.245368958 0.201796800 0.894345820 0.399278939 2.379975796 0.623407245 -0.431708723 0.651913404 -7.856589794
0.745796800 0.124262586 -0.654481530 24.306396484 0.200448379 0.895060539 0.398355514 2.393627882 0.635301292 -0.428281993 0.642624974 -8.145263672
0.738243163 0.130360246 -0.661818147 24.368928909 0.199558347 0.895018160 0.398897231 2.404541969 0.644339621 -0.426554501 0.634726524 -8.435679436
0.732476056 0.132571802 -0.667760193 24.432693481 0.199733719 0.895846486 0.396945208 2.424750805 0.650834382 -0.424127102 0.629707098 -8.724811554
0.728073478 0.144500852 -0.670095921 24.491418839 0.185854912 0.899305344 0.395863384 2.449114084 0.659823418 -0.412758231 0.627904177 -9.021085739
0.725468278 0.156673744 -0.670185864 24.552867889 0.170278952 0.902615666 0.395335376 2.467693329 0.666858912 -0.400921851 0.628140807 -9.310489655
0.724645495 0.168716267 -0.668149590 24.612524033 0.153127357 0.905904591 0.394827664 2.487751722 0.671893656 -0.388422042 0.630624592 -9.599455833
0.724761307 0.183108807 -0.664223075 24.675737381 0.132275075 0.909128666 0.394953728 2.505999565 0.676183701 -0.374107361 0.634680510 -9.891639709
0.726512432 0.197985381 -0.658013344 24.730207443 0.109765075 0.911859512 0.395555168 2.525180578 0.678329885 -0.359602630 0.640745401 -10.173893929
0.729503870 0.210606977 -0.650744855 24.797561646 0.087567046 0.914826334 0.394239545 2.544554710 0.678348124 -0.344583064 0.648927093 -10.471183777
0.733492732 0.225554228 -0.641181529 24.847568512 0.063026279 0.916699290 0.394575834 2.562753677 0.676768899 -0.329829782 0.658176422 -10.737840652
